[lobby 1280x720]
obj1=0.1875,0.255556,0.125,0.0833333 | obj1nmjhgdfaertqa4tqvd
obj2=0.385937,0.254167,0.125,0.0833333 | obj2

